0
560
5 0
6 1026
14 3524
17 3525
23 3727
28 5048
29 5752
32 6524
34 6525
41 6540
45 6546
48 6547
51 6548
54 6549
60 6550
63 6552
67 6553
68 6554
69 6555
75 7184
78 15282
83 15341
89 15992
90 15993
94 16960
101 16966
105 17013
107 17071
114 17256
117 17257
121 17258
122 17296
124 17894
130 18323
132 19016
136 19055
137 19057
142 19115
145 19122
147 19123
152 19172
156 19173
159 19182
160 19247
166 19256
169 19296
172 19339
176 19345
180 19346
184 19347
189 19381
194 20120
196 20121
200 20122
203 20123
206 20124
209 20480
210 20481
211 20482
214 20490
215 20491
216 20492
221 20523
226 20579
227 20580
228 20581
231 20589
237 20595
239 20597
240 20598
245 20611
249 20626
254 20650
259 20816
263 20862
265 20863
266 20864
273 20873
277 20879
282 20896
288 20912
290 20918
295 20919
297 20920
302 20937
306 20954
311 20970
312 20971
313 20972
318 20979
319 21022
323 21023
326 21037
330 21038
333 21039
334 21040
337 21041
342 21042
343 21043
346 21044
350 21052
352 21053
353 21054
356 21055
357 21056
363 21065
366 21066
372 21080
377 21090
380 21091
384 21092
387 21098
388 21099
390 21100
393 21102
399 21813
405 21843
409 21861
412 21862
416 21863
417 21864
421 21865
426 21872
432 21873
435 21887
436 21888
444 21908
452 21914
453 21915
457 21916
459 21930
465 21937
466 21938
471 21939
475 21946
478 21975
481 22888
484 22947
487 22948
490 22949
497 22955
503 22980
506 23012
507 23158
510 23159
511 23160
512 23161
523 24056
527 24165
528 24166
531 25250
535 25251
542 25262
545 25268
548 25269
552 25270
559 25271
564 25272
566 25273
567 25274
570 25275
572 25276
577 25278
578 25279
579 25280
582 25281
589 25282
592 25283
595 25291
597 25292
598 25293
602 25301
606 25308
609 25309
612 25310
615 25311
618 25312
623 25319
626 25320
629 25321
634 25322
646 25323
654 25324
657 25334
660 25340
663 29325
668 29347
669 29348
674 29360
680 29361
686 29367
689 29379
693 29380
695 29381
699 29382
702 29383
707 29413
713 29414
717 29422
721 29424
727 29425
733 29426
734 29427
736 29428
740 29429
744 29430
749 29431
755 29438
758 29439
762 29440
766 29441
772 29442
775 29446
779 29447
782 29448
785 29449
788 29450
793 29461
796 29463
801 29464
805 29465
815 29466
817 29467
820 29468
823 29469
824 29470
837 29475
839 29476
844 29483
845 29484
848 29485
849 29486
853 29487
858 29488
861 29490
865 29491
868 29492
870 29493
873 29494
875 29495
879 29496
882 29497
883 29498
891 29499
894 29500
897 29501
903 29502
905 29503
906 29504
910 29505
916 29506
920 29521
921 29522
924 29534
927 29535
934 29536
939 29537
944 29538
959 29539
962 29540
969 29541
982 29542
990 29543
995 29544
999 29545
1004 29546
1007 29547
1008 29548
1012 29549
1015 29550
1019 29558
1024 29559
1030 29570
1037 29571
1044 29572
1048 29573
1050 29576
1054 29585
1057 29591
1062 29597
1068 29598
1077 29606
1087 29607
1088 29608
1091 29620
1094 29621
1099 29622
1103 29629
1109 29635
1114 29659
1119 29677
1123 29683
1127 30032
1132 30033
1134 30034
1138 30061
1141 30062
1142 30063
1143 30064
1150 30065
1166 30066
1168 30067
1169 30068
1175 30289
1181 30346
1185 30352
1188 30366
1190 30375
1191 30376
1192 30377
1197 30569
1202 30649
1208 30675
1211 30681
1215 30682
1221 30719
1225 30735
1231 30742
1236 30749
1240 30897
1242 30898
1246 30904
1252 30912
1258 30929
1259 30930
1265 30933
1269 30934
1274 30980
1279 31229
1281 31262
1283 31266
1290 31272
1297 31280
1301 31281
1307 31282
1315 31293
1317 31300
1319 31301
1321 31302
1324 31303
1327 31313
1330 31314
1332 31315
1333 31316
1335 31317
1337 31318
1341 31319
1346 31328
1353 31336
1358 31345
1364 31363
1367 31384
1374 31391
1375 31392
1380 31423
1382 31839
1388 31926
1393 31934
1395 31975
1398 32046
1402 32133
1408 32155
1414 32162
1418 32401
1419 32402
1423 32403
1428 32411
1434 32428
1440 32435
1443 32473
1447 32474
1456 32475
1459 32486
1462 32487
1464 32488
1467 32489
1471 32490
1473 32491
1476 32492
1478 32502
1492 32503
1495 32510
1500 32511
1502 32520
1504 32521
1509 32525
1511 32526
1518 32527
1521 32528
1525 32535
1527 32536
1530 32537
1535 32544
1536 32545
1539 32546
1542 32549
1543 32550
1546 32551
1548 32553
1550 32554
1556 32555
1561 32556
1569 32557
1574 32558
1577 32559
1580 32560
1585 32561
1590 32562
1597 32563
1599 32564
1600 32565
1603 32566
1605 32567
1608 32568
1613 32569
1616 32570
1620 32571
1622 32572
1626 32573
1627 32574
1629 32575
1636 32576
1639 32577
1644 32578
1649 32579
1659 32580
1663 32587
1664 32588
1665 32597
1667 32601
1669 32602
1674 32614
1677 32615
1681 32627
1687 32643
1688 32644
1689 32645
1694 32654
1698 32660
1703 32667
1708 32683
1713 32691
1719 32696
1723 32703
1726 32709
1727 32710
1728 32711
1730 32718
1732 32750
1738 32792
1740 32798
1742 32909
1747 32926
1752 32952
1756 32959
1760 33104
1762 33105
1765 33106
1770 33107
1774 33117
1778 33124
1783 33130
1785 33131
1789 33138
1794 33153
1795 33154
1796 33155
1799 33156
1805 33163
1811 33174
1817 33175
1821 33176
1826 33177
1827 33178
1832 33185
1838 33186
1842 33187
1843 33188
1845 33189
1848 33190
1852 33200
1854 33201
1860 33202
1865 33216
1866 33217
1871 33218
1875 33220
1883 33221
1895 33222
1899 33223
1901 33224
1904 33227
1905 33228
1906 33229
1910 33237
1914 33243
1915 33244
1916 33248
1923 33287
1932 33288
1937 33289
1939 33290
1943 33291
1947 33299
1953 33300
1956 33301
1957 33302
1961 33314
1965 33327
1967 33334
1969 33341
1973 33352
1977 33353
1981 33354
1984 33366
1986 33375
1990 33384
1996 33391
2000 34031
2006 34081
2009 34164
2014 34172
2019 34265
2021 34377
2032 34410
2038 34411
2045 34430
2061 34431
2070 34508
2077 34509
2092 34510
2101 34522
2105 34523
2109 34592
2115 34602
2120 34638
2122 34647
2123 34648
2126 34649
2128 34650
2131 34651
2132 34652
2135 34653
2140 34654
2143 34655
2144 34656
2148 34657
2149 34658
2151 34669
2153 34670
2154 34671
2157 34692
2160 34701
2163 34704
2167 34712
2171 34725
2172 39429
2176 39491
2178 39523
2182 39524
